
    1  2  3   4 5 6 7 8 9 10 11 12 13 14 15
<-- 36 36 130 0 (refrech)
<-- 36 36 160 0 0 0 (server init)

<-- 36 36 160 23 49 74 (aktiviert)                  1
<-- 36 36 120 2 32 8 8 1 23 49 74 8 8 0 0 (Hacken)  2   3x

<-- 36 36 155 0 (save config)          3

Reset:
36 36 160 0 0 0
36 36 130 0


Frame:


         Frame: RGB888      MCounter:       Nachrichten:    Größe der RGB /32   Pixel RGB
36 36 20 2      10      0   0           0   35              45                  255 0 255 255 0 255 255 0 255 255 0 255 255 0 255 255 0 255 255 0 255 255 0 255 255 0 255 255 0 255 255 0 255 255 0 255 255 0 255 255 0 255 255 0 255 255 0 255 255 0 255 255 0 255 255 0 255 255 0 255 255 0 255 255 0 255 255 0 255 255 0 255 255 0 255 255 0 255 255 0 255 255 0 255 255 0 255 255 0 255 255 0 255 255 0 255 255 0 255 255 0 255 255 0 255 255 0 255 255 0 255 255 0 255 255 0 255 255 0 255 255 0 255 255 0 255 255 0 255 255 0 255 255 0 255 255 0 255 255 0 255 255 0 255 255 0 255 255 0 255 255 0 255 255 0 255 255 0 255 255 0 255 255 0 255 255 0 255 255 0 255 255 0 255 255 0 255 255 0 255 255 0 255 255 0 255 255 0 255 255 0 255 255 0 255 255 0 255 255 0 255 255 0 255 255 0 255 255 0 255 255 0 255 255 0 255 255 0 255 255 0 255 255 0 255 255 0 255 255 0 255 255 0 255 255 0 255 255 0 255 255 0 255 255 0 255 255 0 255 255 0 255 255 0 255 255 0 255 255 0 255 255 0 255 255 0 255 255 0 255 255 0 255 255 0 255 255 0 255 255 0 255 255 0 255 255 0 255 255 0 255 255 0 255 255 0 255 255 0 255 255 0 255 255 0 255 255 0 255 255 0 255 255 0 255 255 0 255 255 0 255 255 0 255 255 0 255 255 0 255 255 0 255 255 0 255 255 0 255 255 0 255 255 0 255 255 0 255 255 0 255 255 0 255 255 0 255 255 0 255 255 0 255 255 0 255 255 0 255 255 0 255 255 0 255 255 0 255 255 0 255 255 0 255 255 0 255 255 0 255 255 0 255 255 0 255 255 0 255 255 0 255 255 0 255 255 0 255 255 0 255 255 0 255 255 0 255 255 0 255 255 0 255 255 0 255 255 0 255 255 0 255 255 0 255 255 0 255 255 0 255 255 0 255 255 0 255 255 0 255 255 0 255 255 0 255 255 0 255 255 0 255 255 0 255 255 0 255 255 0 255 255 0 255 255 0 255 255 0 255 255 0 255 255 0 255 255 0 255 255 0 255 255 0 255 255 0 255 255 0 255 255 0 255 255 0 255 255 0 255 255 0 255 255 0 255 255 0 255 255 0 255 255 0 255 255 0 255 255 0 255 255 0 255 255 0 255 255 0 255 255 0 255 255 0 255 255 0 255 255 0 255 255 0 255 255 0 255 255 0 255 255 0 255 255 0 255 255 0 255 255 0 255 255 0 255 255 0 255 255 0 255 255 0 255 255 0 255 255 0 255 255 0 255 255 0 255 255 0 255 255 0 255 255 0 255 255 0 255 255 0 255 255 0 255 255 0 255 255 0 255 255 0 255 255 0 255 255 0 255 255 0 255 255 0 255 255 0 255 255 0 255 255 0 255 255 0 255 255 0 255 255 0 255 255 0 255 255 0 255 255 0 255 255 0 255 255 0 255 255 0 255 255 0 255 255 0 255 255 0 255 255 0 255 255 0 255 255 0 255 255 0 255 255 0 255 255 0 255 255 0 255 255 0 255 255 0 255 255 0 255 255 0 255 255 0 255 255 0 255 255 0 255 255 0 255 255 0 255 255 0 255 255 0 255 255 0 255 255 0 255 255 0 255 255 0 255 255 0 255 255 0 255 255 0 255 255 0 255 255 0 255 255 0 255 255 0 255 255 0 255 255 0 255 255 0 255 255 0 255 255 0 255 255 0 255 255 0 255 255 0 255 255 0 255 255 0 255 255 0 255 255 0 255 255 0 255 255 0 255 255 0 255 255 0 255 255 0 255 255 0 255 255 0 255 255 0 255 255 0 255 255 0 255 255 0 255 255 0 255 255 0 255 255 0 255 255 0 255 255 0 255 255 0 255 255 0 255 255 0 255 255 0 255 255 0 255 255 0 255 255 0 255 255 0 255 255 0 255 255 0 255 255 0 255 255 0 255 255 0 255 255 0 255 255 0 255 255 0 255 255 0 255 255 0 255 255 0 255 255 0 255 255 0 255 255 0 255 255 0 255 255 0 255 255 0 255 255 0 255 255 0 255 255 0 255 255 0 255 255 0 255 255 0 255 255 0 255 255 0 255 255 0 255 255 0 255 255 0 255 255 0 255 255 0 255 255 0 255 255 0 255 255 0 255 255 0 255 255 0 255 255 0 255 255 0 255 255 0 255 255 0 255 255 0 255 255 0 255 255 0 255 255 0 255 255 0 255 255 0 255 255 0 255
